65 1 8
1610 3 4
65 4 66
616 7 3
14512 2 7
8311 1 82
90214 6 92
928 4 3
67 5 2
50101 2 51
404 1 40
138 1 3
96283 5 5
120703 3 6
199999 6 6
26496 4 5
751263 2 6
1048 3 4
13122 2 5
94 4 2
66 5 2
835 3 3
31913 3 30
22191 2 5
42 2 45
1218 1 15
688 1 3
8107 1 82
1992 4 4
46 6 42
31 3 37
2099 1 24
1024 1 19
1920 2 4
1080 4 4
61610 2 5
161010 5 6
6510 4 4
831110 3 6
92810 1 5
13810 5 5
55 9 2
92 4 90
91 3 2
2024 1 4
301 3 38
831 3 3
120 5 3
829 2 3
161 4 3
112 1 3
111 1 3
210 2 3
211 2 3
213 2 3
214 2 3
314 3 3
336 3 3
352 3 3
344 3 3
416 4 3
417 4 3
419 4 3
431 4 3
439 4 3
440 4 47

